0 1 1 17 17 48
0 2 1 4 29 48
0 3 1 6 18 48
0 4 2 8 5 72
0 5 1 1 27 48
0 6 1 11 25 72
0 7 2 3 6 24
0 8 3 12 2 24
0 9 1 4 22 24
0 10 1 20 8 72
0 11 3 23 6 72
0 12 2 18 9 48
1 0 1 11 19 48
1 2 1 6 23 24
1 3 1 2 3 24
1 4 1 8 21 48
1 5 1 5 28 72
1 6 1 20 22 24
1 7 1 21 19 72
1 8 1 21 19 48
1 9 3 4 5 72
1 10 1 18 18 48
1 11 1 16 24 48
1 12 1 16 26 24
2 0 1 2 9 48
2 1 2 14 6 24
2 3 1 9 8 24
2 4 1 23 24 48
2 5 1 12 20 48
2 6 1 8 11 48
2 7 1 0 9 72
2 8 1 19 17 48
2 9 1 14 12 24
2 10 1 5 23 72
2 11 1 7 18 24
2 12 1 18 27 72
3 0 1 17 6 72
3 1 1 17 14 48
3 2 1 6 9 72
3 4 1 21 27 24
3 5 1 10 9 72
3 6 2 12 5 72
3 7 2 15 4 72
3 8 1 4 20 48
3 9 2 21 4 48
3 10 1 22 27 72
3 11 1 7 27 48
3 12 3 23 3 24
4 0 1 17 29 48
4 1 1 14 11 24
4 2 1 14 16 72
4 3 2 22 3 72
4 5 1 12 11 24
4 6 1 23 10 72
4 7 1 0 17 72
4 8 1 3 25 24
4 9 1 2 20 48
4 10 1 20 14 48
4 11 1 12 21 24
4 12 1 15 18 48
5 0 1 1 24 72
5 1 1 7 18 72
5 2 1 12 8 48
5 3 1 11 8 48
5 4 1 0 13 72
5 6 1 21 6 72
5 7 2 13 4 72
5 8 2 8 5 24
5 9 1 8 29 48
5 10 1 20 28 24
5 11 1 8 28 24
5 12 1 17 19 72
6 0 1 3 25 24
6 1 1 15 13 24
6 2 1 10 23 72
6 3 1 0 18 24
6 4 1 12 26 72
6 5 1 17 29 72
6 7 2 1 7 24
6 8 1 6 28 48
6 9 1 14 29 48
6 10 2 17 8 72
6 11 1 15 28 48
6 12 3 15 2 24
7 0 1 8 15 24
7 1 1 14 22 72
7 2 1 11 23 48
7 3 1 6 24 24
7 4 1 17 18 72
7 5 2 3 1 72
7 6 1 5 6 48
7 8 1 5 5 72
7 9 1 8 20 24
7 10 1 13 11 24
7 11 1 9 9 24
7 12 1 7 22 48
8 0 1 14 25 48
8 1 1 10 27 24
8 2 3 16 2 72
8 3 1 18 11 72
8 4 1 8 9 48
8 5 1 12 5 48
8 6 1 2 19 48
8 7 1 8 25 24
8 9 2 22 3 72
8 10 1 15 19 48
8 11 1 7 19 48
8 12 1 13 6 48
9 0 2 1 5 24
9 1 1 16 26 48
9 2 1 8 22 72
9 3 1 6 24 48
9 4 3 20 1 72
9 5 1 23 23 48
9 6 1 9 13 24
9 7 3 8 2 72
9 8 1 17 6 48
9 10 1 22 6 48
9 11 1 1 4 24
9 12 1 14 19 48
10 0 1 15 20 48
10 1 1 2 14 72
10 2 1 12 9 24
10 3 1 8 24 72
10 4 2 17 9 48
10 5 2 9 4 72
10 6 2 8 8 48
10 7 1 17 18 72
10 8 1 2 25 72
10 9 1 22 14 24
10 11 1 6 14 24
10 12 1 23 13 72
11 0 3 23 7 24
11 1 1 17 13 72
11 2 1 11 28 72
11 3 1 17 12 72
11 4 2 5 7 72
11 5 1 19 17 24
11 6 3 7 4 48
11 7 1 20 11 24
11 8 1 19 12 24
11 9 1 17 15 72
11 10 1 20 22 72
11 12 1 14 14 48
12 0 1 11 20 24
12 1 1 14 20 48
12 2 1 19 23 48
12 3 1 8 26 72
12 4 1 13 10 72
12 5 1 14 25 24
12 6 1 11 25 72
12 7 2 22 8 48
12 8 1 19 26 48
12 9 3 9 1 72
12 10 1 10 24 72
12 11 1 16 10 24
